Tile RAmin RAmax DECmin DECmax
KIDS_4p9_m35p1 4.256756757 5.472972973 -35.6099 -34.6209
KIDS_6p1_m35p1 5.472972973 6.689189189 -35.6099 -34.6209
KIDS_7p3_m35p1 6.689189189 7.9054054055 -35.6099 -34.6209
KIDS_8p5_m35p1 7.9054054055 9.121621622 -35.6099 -34.6209
KIDS_9p7_m35p1 9.121621622 10.337837838 -35.6099 -34.6209
KIDS_10p9_m35p1 10.337837838 11.554054054 -35.6099 -34.6209
KIDS_12p2_m35p1 11.554054054 12.77027027 -35.6099 -34.6209
KIDS_13p4_m35p1 12.77027027 13.9864864865 -35.6099 -34.6209
KIDS_14p6_m35p1 13.9864864865 15.202702703 -35.6099 -34.6209
KIDS_15p8_m35p1 15.202702703 16.418918919 -35.6099 -34.6209
KIDS_17p0_m35p1 16.418918919 17.635135135 -35.6099 -34.6209
KIDS_18p2_m35p1 17.635135135 18.851351351 -35.6099 -34.6209
KIDS_19p5_m35p1 18.851351351 20.0675675675 -35.6099 -34.6209
KIDS_20p7_m35p1 20.0675675675 21.283783784 -35.6099 -34.6209
KIDS_21p9_m35p1 21.283783784 22.5 -35.6099 -34.6209
KIDS_23p1_m35p1 22.5 23.716216216 -35.6099 -34.6209
KIDS_24p3_m35p1 23.716216216 24.9324324325 -35.6099 -34.6209
KIDS_25p5_m35p1 24.9324324325 26.148648649 -35.6099 -34.6209
KIDS_26p8_m35p1 26.148648649 27.364864865 -35.6099 -34.6209
KIDS_28p0_m35p1 27.364864865 28.581081081 -35.6099 -34.6209
KIDS_29p2_m35p1 28.581081081 29.797297297 -35.6099 -34.6209
KIDS_30p4_m35p1 29.797297297 31.0135135135 -35.6099 -34.6209
KIDS_31p6_m35p1 31.0135135135 32.22972973 -35.6099 -34.6209
KIDS_32p8_m35p1 32.22972973 33.445945946 -35.6099 -34.6209
KIDS_34p1_m35p1 33.445945946 34.662162162 -35.6099 -34.6209
KIDS_35p3_m35p1 34.662162162 35.878378378 -35.6099 -34.6209
KIDS_36p5_m35p1 35.878378378 37.0945945945 -35.6099 -34.6209
KIDS_37p7_m35p1 37.0945945945 38.310810811 -35.6099 -34.6209
KIDS_38p9_m35p1 38.310810811 39.527027027 -35.6099 -34.6209
KIDS_40p1_m35p1 39.527027027 40.743243243 -35.6099 -34.6209
KIDS_41p4_m35p1 40.743243243 41.9594594595 -35.6099 -34.6209
KIDS_42p6_m35p1 41.9594594595 43.175675676 -35.6099 -34.6209
KIDS_9p6_m34p1 9 10.2 -34.6209 -33.6319
KIDS_26p4_m34p1 25.8 27 -34.6209 -33.6319
KIDS_27p6_m34p1 27 28.2 -34.6209 -33.6319
KIDS_39p6_m34p1 39 40.2 -34.6209 -33.6319
KIDS_7p1_m33p1 6.534653465 7.722772277 -33.6319 -32.6429
KIDS_23p8_m33p1 23.168316832 24.3564356435 -33.6319 -32.6429
KIDS_25p0_m33p1 24.3564356435 25.544554455 -33.6319 -32.6429
KIDS_26p1_m33p1 25.544554455 26.732673267 -33.6319 -32.6429
KIDS_27p3_m33p1 26.732673267 27.920792079 -33.6319 -32.6429
KIDS_28p5_m33p1 27.920792079 29.108910891 -33.6319 -32.6429
KIDS_11p8_m32p1 11.176470588 12.3529411765 -32.6429 -31.65385
KIDS_22p4_m32p1 21.764705882 22.9411764705 -32.6429 -31.65385
KIDS_23p5_m32p1 22.9411764705 24.117647059 -32.6429 -31.65385
KIDS_25p9_m32p1 25.294117647 26.470588235 -32.6429 -31.65385
KIDS_27p1_m32p1 26.470588235 27.6470588235 -32.6429 -31.65385
KIDS_28p2_m32p1 27.6470588235 28.823529412 -32.6429 -31.65385
KIDS_338p8_m32p1 338.235294118 339.411764706 -32.6429 -31.65385
KIDS_340p0_m32p1 339.411764706 340.588235294 -32.6429 -31.65385
KIDS_343p5_m32p1 342.94117647 344.117647059 -32.6429 -31.65385
KIDS_23p3_m31p2 22.718446602 23.883495146 -31.65385 -30.6648
KIDS_25p6_m31p2 25.0485436895 26.213592233 -31.65385 -30.6648
KIDS_26p8_m31p2 26.213592233 27.3786407765 -31.65385 -30.6648
KIDS_28p0_m31p2 27.3786407765 28.54368932 -31.65385 -30.6648
KIDS_340p2_m31p2 339.611650486 340.776699029 -31.65385 -30.6648
KIDS_10p4_m30p2 9.7763578275 10.926517572 -30.6648 -29.6758
KIDS_31p1_m30p2 30.479233227 31.629392971 -30.6648 -29.6758
KIDS_35p7_m30p2 35.0798722045 36.230031949 -30.6648 -29.6758
KIDS_356p5_m30p2 355.974440894 357.124600639 -30.6648 -29.6758
KIDS_28p5_m29p2 27.911392405 29.0506329115 -29.6758 -28.6868
KIDS_30p8_m29p2 30.189873418 31.329113924 -29.6758 -28.6868
KIDS_33p0_m29p2 32.4683544305 33.607594937 -29.6758 -28.6868
KIDS_36p5_m29p2 35.8860759495 37.025316456 -29.6758 -28.6868
KIDS_44p4_m29p2 43.860759494 45 -29.6758 -28.6868
KIDS_49p0_m29p2 48.417721519 49.5569620255 -29.6758 -28.6868
KIDS_2p3_m28p2 1.692789969 2.8213166145 -28.6868 -27.6978
KIDS_3p4_m28p2 2.8213166145 3.94984326 -28.6868 -27.6978
KIDS_10p2_m28p2 9.592476489 10.721003135 -28.6868 -27.6978
KIDS_23p7_m28p2 23.134796238 24.263322884 -28.6868 -27.6978
KIDS_24p8_m28p2 24.263322884 25.39184953 -28.6868 -27.6978
KIDS_26p0_m28p2 25.39184953 26.5203761755 -28.6868 -27.6978
KIDS_27p1_m28p2 26.5203761755 27.648902821 -28.6868 -27.6978
KIDS_28p2_m28p2 27.648902821 28.777429467 -28.6868 -27.6978
KIDS_29p3_m28p2 28.777429467 29.905956113 -28.6868 -27.6978
KIDS_35p0_m28p2 34.420062696 35.548589342 -28.6868 -27.6978
KIDS_38p4_m28p2 37.805642633 38.934169279 -28.6868 -27.6978
KIDS_42p9_m28p2 42.319749216 43.448275862 -28.6868 -27.6978
KIDS_330p7_m28p2 330.094043887 331.222570533 -28.6868 -27.6978
KIDS_341p9_m28p2 341.379310345 342.50783699 -28.6868 -27.6978
KIDS_344p2_m28p2 343.636363636 344.764890282 -28.6868 -27.6978
KIDS_347p6_m28p2 347.021943574 348.150470219 -28.6868 -27.6978
KIDS_357p7_m28p2 357.178683385 358.307210031 -28.6868 -27.6978
KIDS_1p1_m27p2 0.5607476635 1.6822429905 -27.6978 -26.7088
KIDS_2p2_m27p2 1.6822429905 2.8037383175 -27.6978 -26.7088
KIDS_3p4_m27p2 2.8037383175 3.9252336445 -27.6978 -26.7088
KIDS_4p5_m27p2 3.9252336445 5.046728972 -27.6978 -26.7088
KIDS_5p6_m27p2 5.046728972 6.1682242995 -27.6978 -26.7088
KIDS_6p7_m27p2 6.1682242995 7.2897196265 -27.6978 -26.7088
KIDS_7p9_m27p2 7.2897196265 8.4112149535 -27.6978 -26.7088
KIDS_9p0_m27p2 8.4112149535 9.5327102805 -27.6978 -26.7088
KIDS_10p1_m27p2 9.5327102805 10.6542056075 -27.6978 -26.7088
KIDS_11p2_m27p2 10.6542056075 11.7757009345 -27.6978 -26.7088
KIDS_12p3_m27p2 11.7757009345 12.8971962615 -27.6978 -26.7088
KIDS_13p5_m27p2 12.8971962615 14.0186915885 -27.6978 -26.7088
KIDS_14p6_m27p2 14.0186915885 15.1401869155 -27.6978 -26.7088
KIDS_15p7_m27p2 15.1401869155 16.2616822425 -27.6978 -26.7088
KIDS_16p8_m27p2 16.2616822425 17.38317757 -27.6978 -26.7088
KIDS_17p9_m27p2 17.38317757 18.5046728975 -27.6978 -26.7088
KIDS_19p1_m27p2 18.5046728975 19.6261682245 -27.6978 -26.7088
KIDS_20p2_m27p2 19.6261682245 20.7476635515 -27.6978 -26.7088
KIDS_21p3_m27p2 20.7476635515 21.8691588785 -27.6978 -26.7088
KIDS_22p4_m27p2 21.8691588785 22.9906542055 -27.6978 -26.7088
KIDS_23p6_m27p2 22.9906542055 24.1121495325 -27.6978 -26.7088
KIDS_24p7_m27p2 24.1121495325 25.2336448595 -27.6978 -26.7088
KIDS_25p8_m27p2 25.2336448595 26.3551401865 -27.6978 -26.7088
KIDS_26p9_m27p2 26.3551401865 27.476635514 -27.6978 -26.7088
KIDS_28p0_m27p2 27.476635514 28.5981308415 -27.6978 -26.7088
KIDS_29p2_m27p2 28.5981308415 29.7196261685 -27.6978 -26.7088
KIDS_30p3_m27p2 29.7196261685 30.8411214955 -27.6978 -26.7088
KIDS_31p4_m27p2 30.8411214955 31.9626168225 -27.6978 -26.7088
KIDS_32p5_m27p2 31.9626168225 33.0841121495 -27.6978 -26.7088
KIDS_33p6_m27p2 33.0841121495 34.2056074765 -27.6978 -26.7088
KIDS_34p8_m27p2 34.2056074765 35.3271028035 -27.6978 -26.7088
KIDS_35p9_m27p2 35.3271028035 36.4485981305 -27.6978 -26.7088
KIDS_37p0_m27p2 36.4485981305 37.5700934575 -27.6978 -26.7088
KIDS_38p1_m27p2 37.5700934575 38.691588785 -27.6978 -26.7088
KIDS_39p3_m27p2 38.691588785 39.8130841125 -27.6978 -26.7088
KIDS_40p4_m27p2 39.8130841125 40.9345794395 -27.6978 -26.7088
KIDS_41p5_m27p2 40.9345794395 42.0560747665 -27.6978 -26.7088
KIDS_42p6_m27p2 42.0560747665 43.1775700935 -27.6978 -26.7088
KIDS_43p7_m27p2 43.1775700935 44.2990654205 -27.6978 -26.7088
KIDS_48p2_m27p2 47.6635514015 48.7850467285 -27.6978 -26.7088
KIDS_333p1_m27p2 332.523364486 333.644859814 -27.6978 -26.7088
KIDS_335p3_m27p2 334.76635514 335.887850468 -27.6978 -26.7088
KIDS_336p4_m27p2 335.887850468 337.009345795 -27.6978 -26.7088
KIDS_338p7_m27p2 338.130841121 339.252336448 -27.6978 -26.7088
KIDS_339p8_m27p2 339.252336448 340.373831775 -27.6978 -26.7088
KIDS_340p9_m27p2 340.373831775 341.495327103 -27.6978 -26.7088
KIDS_342p1_m27p2 341.495327103 342.61682243 -27.6978 -26.7088
KIDS_343p2_m27p2 342.61682243 343.738317757 -27.6978 -26.7088
KIDS_344p3_m27p2 343.738317757 344.859813084 -27.6978 -26.7088
KIDS_345p4_m27p2 344.859813084 345.981308411 -27.6978 -26.7088
KIDS_346p5_m27p2 345.981308411 347.102803739 -27.6978 -26.7088
KIDS_347p7_m27p2 347.102803739 348.224299066 -27.6978 -26.7088
KIDS_348p8_m27p2 348.224299066 349.345794393 -27.6978 -26.7088
KIDS_349p9_m27p2 349.345794393 350.46728972 -27.6978 -26.7088
KIDS_351p0_m27p2 350.46728972 351.588785046 -27.6978 -26.7088
KIDS_352p1_m27p2 351.588785046 352.710280373 -27.6978 -26.7088
KIDS_353p3_m27p2 352.710280373 353.8317757 -27.6978 -26.7088
KIDS_354p4_m27p2 353.8317757 354.953271028 -27.6978 -26.7088
KIDS_355p5_m27p2 354.953271028 356.074766356 -27.6978 -26.7088
KIDS_356p6_m27p2 356.074766356 357.196261682 -27.6978 -26.7088
KIDS_357p8_m27p2 357.196261682 358.317757009 -27.6978 -26.7088
KIDS_358p9_m27p2 358.317757009 359.439465628 -27.6978 -26.7088
KIDS_0p0_m27p2 359.439465628 0.5607476635 -27.6978 -26.7088
KIDS_1p1_m26p2 0.5555555555 1.6666666665 -26.7088 -25.7198
KIDS_2p2_m26p2 1.6666666665 2.7777777775 -26.7088 -25.7198
KIDS_3p3_m26p2 2.7777777775 3.8888888885 -26.7088 -25.7198
KIDS_4p4_m26p2 3.8888888885 5 -26.7088 -25.7198
KIDS_5p6_m26p2 5 6.1111111115 -26.7088 -25.7198
KIDS_6p7_m26p2 6.1111111115 7.2222222225 -26.7088 -25.7198
KIDS_7p8_m26p2 7.2222222225 8.3333333335 -26.7088 -25.7198
KIDS_8p9_m26p2 8.3333333335 9.4444444445 -26.7088 -25.7198
KIDS_10p0_m26p2 9.4444444445 10.5555555555 -26.7088 -25.7198
KIDS_11p1_m26p2 10.5555555555 11.6666666665 -26.7088 -25.7198
KIDS_12p2_m26p2 11.6666666665 12.7777777775 -26.7088 -25.7198
KIDS_13p3_m26p2 12.7777777775 13.8888888885 -26.7088 -25.7198
KIDS_14p4_m26p2 13.8888888885 15 -26.7088 -25.7198
KIDS_15p6_m26p2 15 16.1111111115 -26.7088 -25.7198
KIDS_16p7_m26p2 16.1111111115 17.2222222225 -26.7088 -25.7198
KIDS_17p8_m26p2 17.2222222225 18.3333333335 -26.7088 -25.7198
KIDS_18p9_m26p2 18.3333333335 19.4444444445 -26.7088 -25.7198
KIDS_20p0_m26p2 19.4444444445 20.5555555555 -26.7088 -25.7198
KIDS_21p1_m26p2 20.5555555555 21.6666666665 -26.7088 -25.7198
KIDS_22p2_m26p2 21.6666666665 22.7777777775 -26.7088 -25.7198
KIDS_23p3_m26p2 22.7777777775 23.8888888885 -26.7088 -25.7198
KIDS_24p4_m26p2 23.8888888885 25 -26.7088 -25.7198
KIDS_25p6_m26p2 25 26.1111111115 -26.7088 -25.7198
KIDS_26p7_m26p2 26.1111111115 27.2222222225 -26.7088 -25.7198
KIDS_27p8_m26p2 27.2222222225 28.3333333335 -26.7088 -25.7198
KIDS_28p9_m26p2 28.3333333335 29.4444444445 -26.7088 -25.7198
KIDS_30p0_m26p2 29.4444444445 30.5555555555 -26.7088 -25.7198
KIDS_31p1_m26p2 30.5555555555 31.6666666665 -26.7088 -25.7198
KIDS_32p2_m26p2 31.6666666665 32.7777777775 -26.7088 -25.7198
KIDS_33p3_m26p2 32.7777777775 33.8888888885 -26.7088 -25.7198
KIDS_34p4_m26p2 33.8888888885 35 -26.7088 -25.7198
KIDS_35p6_m26p2 35 36.1111111115 -26.7088 -25.7198
KIDS_36p7_m26p2 36.1111111115 37.2222222225 -26.7088 -25.7198
KIDS_37p8_m26p2 37.2222222225 38.3333333335 -26.7088 -25.7198
KIDS_38p9_m26p2 38.3333333335 39.4444444445 -26.7088 -25.7198
KIDS_40p0_m26p2 39.4444444445 40.5555555555 -26.7088 -25.7198
KIDS_41p1_m26p2 40.5555555555 41.6666666665 -26.7088 -25.7198
KIDS_42p2_m26p2 41.6666666665 42.7777777775 -26.7088 -25.7198
KIDS_43p3_m26p2 42.7777777775 43.8888888885 -26.7088 -25.7198
KIDS_44p4_m26p2 43.8888888885 45 -26.7088 -25.7198
KIDS_330p0_m26p2 329.431532124 330.555555556 -26.7088 -25.7198
KIDS_331p1_m26p2 330.555555556 331.666666666 -26.7088 -25.7198
KIDS_332p2_m26p2 331.666666666 332.777777777 -26.7088 -25.7198
KIDS_333p3_m26p2 332.777777777 333.888888888 -26.7088 -25.7198
KIDS_334p4_m26p2 333.888888888 335 -26.7088 -25.7198
KIDS_335p6_m26p2 335 336.111111112 -26.7088 -25.7198
KIDS_336p7_m26p2 336.111111112 337.222222223 -26.7088 -25.7198
KIDS_337p8_m26p2 337.222222223 338.333333334 -26.7088 -25.7198
KIDS_338p9_m26p2 338.333333334 339.444444444 -26.7088 -25.7198
KIDS_340p0_m26p2 339.444444444 340.555555556 -26.7088 -25.7198
KIDS_341p1_m26p2 340.555555556 341.666666666 -26.7088 -25.7198
KIDS_342p2_m26p2 341.666666666 342.777777777 -26.7088 -25.7198
KIDS_343p3_m26p2 342.777777777 343.888888888 -26.7088 -25.7198
KIDS_344p4_m26p2 343.888888888 345 -26.7088 -25.7198
KIDS_345p6_m26p2 345 346.111111112 -26.7088 -25.7198
KIDS_346p7_m26p2 346.111111112 347.222222223 -26.7088 -25.7198
KIDS_347p8_m26p2 347.222222223 348.333333334 -26.7088 -25.7198
KIDS_348p9_m26p2 348.333333334 349.444444444 -26.7088 -25.7198
KIDS_350p0_m26p2 349.444444444 350.555555556 -26.7088 -25.7198
KIDS_351p1_m26p2 350.555555556 351.666666666 -26.7088 -25.7198
KIDS_352p2_m26p2 351.666666666 352.777777777 -26.7088 -25.7198
KIDS_353p3_m26p2 352.777777777 353.888888888 -26.7088 -25.7198
KIDS_354p4_m26p2 353.888888888 355 -26.7088 -25.7198
KIDS_355p6_m26p2 355 356.111111112 -26.7088 -25.7198
KIDS_356p7_m26p2 356.111111112 357.222222223 -26.7088 -25.7198
KIDS_357p8_m26p2 357.222222223 358.333333334 -26.7088 -25.7198
KIDS_358p9_m26p2 358.333333334 359.444678382 -26.7088 -25.7198
KIDS_0p0_m26p2 359.444678382 0.5555555555 -26.7088 -25.7198
KIDS_156p4_m4p5 155.92299411 156.935933148 -4.950535 -3.961535
KIDS_157p4_m4p5 156.935933148 157.938718663 -4.950535 -3.961535
KIDS_158p4_m4p5 157.938718663 158.941504178 -4.950535 -3.961535
KIDS_159p4_m4p5 158.941504178 159.944289693 -4.950535 -3.961535
KIDS_160p4_m4p5 159.944289693 160.947075209 -4.950535 -3.961535
KIDS_161p4_m4p5 160.947075209 161.949860725 -4.950535 -3.961535
KIDS_162p5_m4p5 161.949860725 162.952646239 -4.950535 -3.961535
KIDS_163p5_m4p5 162.952646239 163.955431755 -4.950535 -3.961535
KIDS_164p5_m4p5 163.955431755 164.958217271 -4.950535 -3.961535
KIDS_165p5_m4p5 164.958217271 165.961002785 -4.950535 -3.961535
KIDS_166p5_m4p5 165.961002785 166.9637883 -4.950535 -3.961535
KIDS_167p5_m4p5 166.9637883 167.966573816 -4.950535 -3.961535
KIDS_168p5_m4p5 167.966573816 168.969359332 -4.950535 -3.961535
KIDS_169p5_m4p5 168.969359332 169.972144846 -4.950535 -3.961535
KIDS_170p5_m4p5 169.972144846 170.974930362 -4.950535 -3.961535
KIDS_171p5_m4p5 170.974930362 171.977715878 -4.950535 -3.961535
KIDS_172p5_m4p5 171.977715878 172.980501393 -4.950535 -3.961535
KIDS_173p5_m4p5 172.980501393 173.983286908 -4.950535 -3.961535
KIDS_174p5_m4p5 173.983286908 174.986072423 -4.950535 -3.961535
KIDS_175p5_m4p5 174.986072423 175.988857938 -4.950535 -3.961535
KIDS_176p5_m4p5 175.988857938 176.991643454 -4.950535 -3.961535
KIDS_177p5_m4p5 176.991643454 177.99442897 -4.950535 -3.961535
KIDS_178p5_m4p5 177.99442897 178.997214485 -4.950535 -3.961535
KIDS_179p5_m4p5 178.997214485 180 -4.950535 -3.961535
KIDS_180p5_m4p5 180 181.002785515 -4.950535 -3.961535
KIDS_181p5_m4p5 181.002785515 182.00557103 -4.950535 -3.961535
KIDS_182p5_m4p5 182.00557103 183.008356546 -4.950535 -3.961535
KIDS_183p5_m4p5 183.008356546 184.011142062 -4.950535 -3.961535
KIDS_184p5_m4p5 184.011142062 185.013927577 -4.950535 -3.961535
KIDS_185p5_m4p5 185.013927577 186.016713092 -4.950535 -3.961535
KIDS_186p5_m4p5 186.016713092 187.019498607 -4.950535 -3.961535
KIDS_187p5_m4p5 187.019498607 188.022284122 -4.950535 -3.961535
KIDS_188p5_m4p5 188.022284122 189.025069638 -4.950535 -3.961535
KIDS_189p5_m4p5 189.025069638 190.027855154 -4.950535 -3.961535
KIDS_190p5_m4p5 190.027855154 191.030640668 -4.950535 -3.961535
KIDS_191p5_m4p5 191.030640668 192.033426184 -4.950535 -3.961535
KIDS_192p5_m4p5 192.033426184 193.0362117 -4.950535 -3.961535
KIDS_193p5_m4p5 193.0362117 194.038997215 -4.950535 -3.961535
KIDS_194p5_m4p5 194.038997215 195.041782729 -4.950535 -3.961535
KIDS_195p5_m4p5 195.041782729 196.044568245 -4.950535 -3.961535
KIDS_196p5_m4p5 196.044568245 197.047353761 -4.950535 -3.961535
KIDS_197p5_m4p5 197.047353761 198.050139275 -4.950535 -3.961535
KIDS_198p6_m4p5 198.050139275 199.052924791 -4.950535 -3.961535
KIDS_199p6_m4p5 199.052924791 200.055710307 -4.950535 -3.961535
KIDS_200p6_m4p5 200.055710307 201.058495822 -4.950535 -3.961535
KIDS_201p6_m4p5 201.058495822 202.061281337 -4.950535 -3.961535
KIDS_202p6_m4p5 202.061281337 203.064066852 -4.950535 -3.961535
KIDS_203p6_m4p5 203.064066852 204.066852367 -4.950535 -3.961535
KIDS_204p6_m4p5 204.066852367 205.069637883 -4.950535 -3.961535
KIDS_205p6_m4p5 205.069637883 206.072423399 -4.950535 -3.961535
KIDS_206p6_m4p5 206.072423399 207.075208914 -4.950535 -3.961535
KIDS_207p6_m4p5 207.075208914 208.077994429 -4.950535 -3.961535
KIDS_208p6_m4p5 208.077994429 209.080779944 -4.950535 -3.961535
KIDS_209p6_m4p5 209.080779944 210.083565459 -4.950535 -3.961535
KIDS_210p6_m4p5 210.083565459 211.086350975 -4.950535 -3.961535
KIDS_211p6_m4p5 211.086350975 212.089136491 -4.950535 -3.961535
KIDS_212p6_m4p5 212.089136491 213.091922006 -4.950535 -3.961535
KIDS_213p6_m4p5 213.091922006 214.094707521 -4.950535 -3.961535
KIDS_214p6_m4p5 214.094707521 215.097493036 -4.950535 -3.961535
KIDS_215p6_m4p5 215.097493036 216.100278551 -4.950535 -3.961535
KIDS_216p6_m4p5 216.100278551 217.103064067 -4.950535 -3.961535
KIDS_217p6_m4p5 217.103064067 218.105849583 -4.950535 -3.961535
KIDS_218p6_m4p5 218.105849583 219.108635097 -4.950535 -3.961535
KIDS_219p6_m4p5 219.108635097 220.111420613 -4.950535 -3.961535
KIDS_220p6_m4p5 220.111420613 221.114206128 -4.950535 -3.961535
KIDS_221p6_m4p5 221.114206128 222.116991644 -4.950535 -3.961535
KIDS_222p6_m4p5 222.116991644 223.119777158 -4.950535 -3.961535
KIDS_223p6_m4p5 223.119777158 224.122562674 -4.950535 -3.961535
KIDS_224p6_m4p5 224.122562674 225.135501712 -4.950535 -3.961535
KIDS_156p4_m3p5 155.923605259 156.935933148 -3.961535 -2.972525
KIDS_157p4_m3p5 156.935933148 157.938718663 -3.961535 -2.972525
KIDS_158p4_m3p5 157.938718663 158.941504178 -3.961535 -2.972525
KIDS_159p4_m3p5 158.941504178 159.944289694 -3.961535 -2.972525
KIDS_160p4_m3p5 159.944289694 160.947075209 -3.961535 -2.972525
KIDS_161p4_m3p5 160.947075209 161.949860725 -3.961535 -2.972525
KIDS_162p5_m3p5 161.949860725 162.952646239 -3.961535 -2.972525
KIDS_163p5_m3p5 162.952646239 163.955431755 -3.961535 -2.972525
KIDS_164p5_m3p5 163.955431755 164.958217271 -3.961535 -2.972525
KIDS_165p5_m3p5 164.958217271 165.961002785 -3.961535 -2.972525
KIDS_166p5_m3p5 165.961002785 166.9637883 -3.961535 -2.972525
KIDS_167p5_m3p5 166.9637883 167.966573816 -3.961535 -2.972525
KIDS_168p5_m3p5 167.966573816 168.969359332 -3.961535 -2.972525
KIDS_169p5_m3p5 168.969359332 169.972144846 -3.961535 -2.972525
KIDS_170p5_m3p5 169.972144846 170.974930362 -3.961535 -2.972525
KIDS_171p5_m3p5 170.974930362 171.977715877 -3.961535 -2.972525
KIDS_172p5_m3p5 171.977715877 172.980501393 -3.961535 -2.972525
KIDS_173p5_m3p5 172.980501393 173.983286908 -3.961535 -2.972525
KIDS_174p5_m3p5 173.983286908 174.986072423 -3.961535 -2.972525
KIDS_175p5_m3p5 174.986072423 175.988857939 -3.961535 -2.972525
KIDS_176p5_m3p5 175.988857939 176.991643454 -3.961535 -2.972525
KIDS_177p5_m3p5 176.991643454 177.99442897 -3.961535 -2.972525
KIDS_178p5_m3p5 177.99442897 178.997214484 -3.961535 -2.972525
KIDS_179p5_m3p5 178.997214484 180 -3.961535 -2.972525
KIDS_180p5_m3p5 180 181.002785516 -3.961535 -2.972525
KIDS_181p5_m3p5 181.002785516 182.00557103 -3.961535 -2.972525
KIDS_182p5_m3p5 182.00557103 183.008356546 -3.961535 -2.972525
KIDS_183p5_m3p5 183.008356546 184.011142061 -3.961535 -2.972525
KIDS_184p5_m3p5 184.011142061 185.013927577 -3.961535 -2.972525
KIDS_185p5_m3p5 185.013927577 186.016713092 -3.961535 -2.972525
KIDS_186p5_m3p5 186.016713092 187.019498607 -3.961535 -2.972525
KIDS_187p5_m3p5 187.019498607 188.022284123 -3.961535 -2.972525
KIDS_188p5_m3p5 188.022284123 189.025069638 -3.961535 -2.972525
KIDS_189p5_m3p5 189.025069638 190.027855154 -3.961535 -2.972525
KIDS_190p5_m3p5 190.027855154 191.030640668 -3.961535 -2.972525
KIDS_191p5_m3p5 191.030640668 192.033426184 -3.961535 -2.972525
KIDS_192p5_m3p5 192.033426184 193.0362117 -3.961535 -2.972525
KIDS_193p5_m3p5 193.0362117 194.038997215 -3.961535 -2.972525
KIDS_194p5_m3p5 194.038997215 195.041782729 -3.961535 -2.972525
KIDS_195p5_m3p5 195.041782729 196.044568245 -3.961535 -2.972525
KIDS_196p5_m3p5 196.044568245 197.047353761 -3.961535 -2.972525
KIDS_197p5_m3p5 197.047353761 198.050139275 -3.961535 -2.972525
KIDS_198p6_m3p5 198.050139275 199.052924791 -3.961535 -2.972525
KIDS_199p6_m3p5 199.052924791 200.055710306 -3.961535 -2.972525
KIDS_200p6_m3p5 200.055710306 201.058495822 -3.961535 -2.972525
KIDS_201p6_m3p5 201.058495822 202.061281337 -3.961535 -2.972525
KIDS_202p6_m3p5 202.061281337 203.064066852 -3.961535 -2.972525
KIDS_203p6_m3p5 203.064066852 204.066852368 -3.961535 -2.972525
KIDS_204p6_m3p5 204.066852368 205.069637883 -3.961535 -2.972525
KIDS_205p6_m3p5 205.069637883 206.072423399 -3.961535 -2.972525
KIDS_206p6_m3p5 206.072423399 207.075208913 -3.961535 -2.972525
KIDS_207p6_m3p5 207.075208913 208.077994429 -3.961535 -2.972525
KIDS_208p6_m3p5 208.077994429 209.080779945 -3.961535 -2.972525
KIDS_209p6_m3p5 209.080779945 210.083565459 -3.961535 -2.972525
KIDS_210p6_m3p5 210.083565459 211.086350975 -3.961535 -2.972525
KIDS_211p6_m3p5 211.086350975 212.08913649 -3.961535 -2.972525
KIDS_212p6_m3p5 212.08913649 213.091922006 -3.961535 -2.972525
KIDS_213p6_m3p5 213.091922006 214.094707521 -3.961535 -2.972525
KIDS_214p6_m3p5 214.094707521 215.097493036 -3.961535 -2.972525
KIDS_215p6_m3p5 215.097493036 216.100278552 -3.961535 -2.972525
KIDS_216p6_m3p5 216.100278552 217.103064067 -3.961535 -2.972525
KIDS_217p6_m3p5 217.103064067 218.105849583 -3.961535 -2.972525
KIDS_218p6_m3p5 218.105849583 219.108635097 -3.961535 -2.972525
KIDS_219p6_m3p5 219.108635097 220.111420613 -3.961535 -2.972525
KIDS_222p6_m3p5 222.116991644 223.119777158 -3.961535 -2.972525
KIDS_223p6_m3p5 223.119777158 224.122562674 -3.961535 -2.972525
KIDS_224p6_m3p5 224.122562674 225.134890563 -3.961535 -2.972525
KIDS_156p4_m2p5 155.924063034 156.935933148 -2.972525 -1.983515
KIDS_160p4_m2p5 159.944289693 160.947075209 -2.972525 -1.983515
KIDS_162p5_m2p5 161.949860725 162.952646239 -2.972525 -1.983515
KIDS_163p5_m2p5 162.952646239 163.955431755 -2.972525 -1.983515
KIDS_164p5_m2p5 163.955431755 164.958217271 -2.972525 -1.983515
KIDS_165p5_m2p5 164.958217271 165.961002785 -2.972525 -1.983515
KIDS_166p5_m2p5 165.961002785 166.9637883 -2.972525 -1.983515
KIDS_188p5_m2p5 188.022284122 189.025069638 -2.972525 -1.983515
KIDS_189p5_m2p5 189.025069638 190.027855154 -2.972525 -1.983515
KIDS_190p5_m2p5 190.027855154 191.030640668 -2.972525 -1.983515
KIDS_191p5_m2p5 191.030640668 192.033426184 -2.972525 -1.983515
KIDS_192p5_m2p5 192.033426184 193.0362117 -2.972525 -1.983515
KIDS_193p5_m2p5 193.0362117 194.038997215 -2.972525 -1.983515
KIDS_194p5_m2p5 194.038997215 195.041782729 -2.972525 -1.983515
KIDS_195p5_m2p5 195.041782729 196.044568245 -2.972525 -1.983515
KIDS_196p5_m2p5 196.044568245 197.047353761 -2.972525 -1.983515
KIDS_197p5_m2p5 197.047353761 198.050139275 -2.972525 -1.983515
KIDS_198p6_m2p5 198.050139275 199.052924791 -2.972525 -1.983515
KIDS_199p6_m2p5 199.052924791 200.055710307 -2.972525 -1.983515
KIDS_203p6_m2p5 203.064066852 204.066852367 -2.972525 -1.983515
KIDS_205p6_m2p5 205.069637883 206.072423399 -2.972525 -1.983515
KIDS_207p6_m2p5 207.075208914 208.077994429 -2.972525 -1.983515
KIDS_208p6_m2p5 208.077994429 209.080779944 -2.972525 -1.983515
KIDS_209p6_m2p5 209.080779944 210.083565459 -2.972525 -1.983515
KIDS_225p6_m2p5 225.12534819 226.128133704 -2.972525 -1.983515
KIDS_226p6_m2p5 226.128133704 227.13091922 -2.972525 -1.983515
KIDS_227p6_m2p5 227.13091922 228.133704736 -2.972525 -1.983515
KIDS_228p6_m2p5 228.133704736 229.136490251 -2.972525 -1.983515
KIDS_229p6_m2p5 229.136490251 230.139275766 -2.972525 -1.983515
KIDS_230p6_m2p5 230.139275766 231.142061281 -2.972525 -1.983515
KIDS_231p6_m2p5 231.142061281 232.144846796 -2.972525 -1.983515
KIDS_232p6_m2p5 232.144846796 233.147632312 -2.972525 -1.983515
KIDS_233p6_m2p5 233.147632312 234.150417828 -2.972525 -1.983515
KIDS_234p7_m2p5 234.150417828 235.153203343 -2.972525 -1.983515
KIDS_235p7_m2p5 235.153203343 236.155988858 -2.972525 -1.983515
KIDS_236p7_m2p5 236.155988858 237.158774373 -2.972525 -1.983515
KIDS_237p7_m2p5 237.158774373 238.170644487 -2.972525 -1.983515
KIDS_162p0_m1p5 161.5 162.5 -1.983515 -0.994505
KIDS_166p0_m1p5 165.5 166.5 -1.983515 -0.994505
KIDS_170p0_m1p5 169.5 170.5 -1.983515 -0.994505
KIDS_171p0_m1p5 170.5 171.5 -1.983515 -0.994505
KIDS_188p0_m1p5 187.5 188.5 -1.983515 -0.994505
KIDS_189p0_m1p5 188.5 189.5 -1.983515 -0.994505
KIDS_190p0_m1p5 189.5 190.5 -1.983515 -0.994505
KIDS_191p0_m1p5 190.5 191.5 -1.983515 -0.994505
KIDS_192p0_m1p5 191.5 192.5 -1.983515 -0.994505
KIDS_193p0_m1p5 192.5 193.5 -1.983515 -0.994505
KIDS_194p0_m1p5 193.5 194.5 -1.983515 -0.994505
KIDS_195p0_m1p5 194.5 195.5 -1.983515 -0.994505
KIDS_196p0_m1p5 195.5 196.5 -1.983515 -0.994505
KIDS_197p0_m1p5 196.5 197.5 -1.983515 -0.994505
KIDS_198p0_m1p5 197.5 198.5 -1.983515 -0.994505
KIDS_199p0_m1p5 198.5 199.5 -1.983515 -0.994505
KIDS_200p0_m1p5 199.5 200.5 -1.983515 -0.994505
KIDS_201p0_m1p5 200.5 201.5 -1.983515 -0.994505
KIDS_202p0_m1p5 201.5 202.5 -1.983515 -0.994505
KIDS_203p0_m1p5 202.5 203.5 -1.983515 -0.994505
KIDS_210p0_m0p5 209.5 210.5 -0.994505 0
KIDS_202p0_0p5 201.5 202.5 0 0.9945054945
KIDS_205p0_0p5 204.5 205.5 0 0.9945054945
KIDS_195p0_1p5 194.5 195.5 0.9945054945 1.983515
KIDS_156p4_2p5 155.924063033 156.935933148 1.983515 2.972525
KIDS_162p5_2p5 161.949860725 162.952646239 1.983515 2.972525
KIDS_163p5_2p5 162.952646239 163.955431755 1.983515 2.972525
KIDS_164p5_2p5 163.955431755 164.958217271 1.983515 2.972525
KIDS_165p5_2p5 164.958217271 165.961002785 1.983515 2.972525
KIDS_171p5_2p5 170.974930362 171.977715878 1.983515 2.972525
KIDS_204p6_2p5 204.066852368 205.069637883 1.983515 2.972525
KIDS_206p6_2p5 206.072423399 207.075208913 1.983515 2.972525
KIDS_207p6_2p5 207.075208913 208.077994429 1.983515 2.972525
KIDS_208p6_2p5 208.077994429 209.080779944 1.983515 2.972525
KIDS_229p6_2p5 229.136490251 230.139275766 1.983515 2.972525
KIDS_156p4_3p5 155.923605257 156.935933148 2.972525 3.961535
KIDS_157p4_3p5 156.935933148 157.938718663 2.972525 3.961535
KIDS_158p4_3p5 157.938718663 158.941504178 2.972525 3.961535
KIDS_159p4_3p5 158.941504178 159.944289693 2.972525 3.961535
KIDS_160p4_3p5 159.944289693 160.947075209 2.972525 3.961535
KIDS_161p4_3p5 160.947075209 161.949860725 2.972525 3.961535
KIDS_162p5_3p5 161.949860725 162.952646239 2.972525 3.961535
KIDS_163p5_3p5 162.952646239 163.955431755 2.972525 3.961535
KIDS_164p5_3p5 163.955431755 164.958217271 2.972525 3.961535
KIDS_165p5_3p5 164.958217271 165.961002785 2.972525 3.961535
KIDS_166p5_3p5 165.961002785 166.9637883 2.972525 3.961535
KIDS_167p5_3p5 166.9637883 167.966573816 2.972525 3.961535
KIDS_168p5_3p5 167.966573816 168.969359332 2.972525 3.961535
KIDS_169p5_3p5 168.969359332 169.972144846 2.972525 3.961535
KIDS_170p5_3p5 169.972144846 170.974930362 2.972525 3.961535
KIDS_171p5_3p5 170.974930362 171.977715878 2.972525 3.961535
KIDS_172p5_3p5 171.977715878 172.980501393 2.972525 3.961535
KIDS_173p5_3p5 172.980501393 173.983286908 2.972525 3.961535
KIDS_174p5_3p5 173.983286908 174.986072423 2.972525 3.961535
KIDS_175p5_3p5 174.986072423 175.988857938 2.972525 3.961535
KIDS_176p5_3p5 175.988857938 176.991643454 2.972525 3.961535
KIDS_177p5_3p5 176.991643454 177.99442897 2.972525 3.961535
KIDS_178p5_3p5 177.99442897 178.997214485 2.972525 3.961535
KIDS_179p5_3p5 178.997214485 180 2.972525 3.961535
KIDS_180p5_3p5 180 181.002785515 2.972525 3.961535
KIDS_181p5_3p5 181.002785515 182.00557103 2.972525 3.961535
KIDS_182p5_3p5 182.00557103 183.008356546 2.972525 3.961535
KIDS_183p5_3p5 183.008356546 184.011142062 2.972525 3.961535
KIDS_184p5_3p5 184.011142062 185.013927577 2.972525 3.961535
KIDS_185p5_3p5 185.013927577 186.016713092 2.972525 3.961535
KIDS_186p5_3p5 186.016713092 187.019498607 2.972525 3.961535
KIDS_187p5_3p5 187.019498607 188.022284122 2.972525 3.961535
KIDS_188p5_3p5 188.022284122 189.025069638 2.972525 3.961535
KIDS_189p5_3p5 189.025069638 190.027855154 2.972525 3.961535
KIDS_190p5_3p5 190.027855154 191.030640668 2.972525 3.961535
KIDS_191p5_3p5 191.030640668 192.033426184 2.972525 3.961535
KIDS_192p5_3p5 192.033426184 193.0362117 2.972525 3.961535
KIDS_193p5_3p5 193.0362117 194.038997215 2.972525 3.961535
KIDS_194p5_3p5 194.038997215 195.041782729 2.972525 3.961535
KIDS_195p5_3p5 195.041782729 196.044568245 2.972525 3.961535
KIDS_196p5_3p5 196.044568245 197.047353761 2.972525 3.961535
KIDS_197p5_3p5 197.047353761 198.050139275 2.972525 3.961535
KIDS_198p6_3p5 198.050139275 199.052924791 2.972525 3.961535
KIDS_199p6_3p5 199.052924791 200.055710307 2.972525 3.961535
KIDS_200p6_3p5 200.055710307 201.058495822 2.972525 3.961535
KIDS_201p6_3p5 201.058495822 202.061281337 2.972525 3.961535
KIDS_202p6_3p5 202.061281337 203.064066852 2.972525 3.961535
KIDS_203p6_3p5 203.064066852 204.066852367 2.972525 3.961535
KIDS_204p6_3p5 204.066852367 205.069637883 2.972525 3.961535
KIDS_205p6_3p5 205.069637883 206.072423399 2.972525 3.961535
KIDS_206p6_3p5 206.072423399 207.075208914 2.972525 3.961535
KIDS_207p6_3p5 207.075208914 208.077994429 2.972525 3.961535
KIDS_208p6_3p5 208.077994429 209.080779944 2.972525 3.961535
KIDS_209p6_3p5 209.080779944 210.083565459 2.972525 3.961535
KIDS_210p6_3p5 210.083565459 211.086350975 2.972525 3.961535
KIDS_211p6_3p5 211.086350975 212.089136491 2.972525 3.961535
KIDS_212p6_3p5 212.089136491 213.091922006 2.972525 3.961535
KIDS_213p6_3p5 213.091922006 214.094707521 2.972525 3.961535
KIDS_214p6_3p5 214.094707521 215.097493036 2.972525 3.961535
KIDS_215p6_3p5 215.097493036 216.100278551 2.972525 3.961535
KIDS_216p6_3p5 216.100278551 217.103064067 2.972525 3.961535
KIDS_217p6_3p5 217.103064067 218.105849583 2.972525 3.961535
KIDS_218p6_3p5 218.105849583 219.108635097 2.972525 3.961535
KIDS_219p6_3p5 219.108635097 220.111420613 2.972525 3.961535
KIDS_220p6_3p5 220.111420613 221.114206128 2.972525 3.961535
KIDS_221p6_3p5 221.114206128 222.116991644 2.972525 3.961535
KIDS_222p6_3p5 222.116991644 223.119777158 2.972525 3.961535
KIDS_223p6_3p5 223.119777158 224.122562674 2.972525 3.961535
KIDS_224p6_3p5 224.122562674 225.12534819 2.972525 3.961535
KIDS_225p6_3p5 225.12534819 226.128133704 2.972525 3.961535
KIDS_226p6_3p5 226.128133704 227.13091922 2.972525 3.961535
KIDS_227p6_3p5 227.13091922 228.133704736 2.972525 3.961535
KIDS_228p6_3p5 228.133704736 229.136490251 2.972525 3.961535
KIDS_229p6_3p5 229.136490251 230.139275766 2.972525 3.961535
KIDS_230p6_3p5 230.139275766 231.142061281 2.972525 3.961535
KIDS_231p6_3p5 231.142061281 232.144846796 2.972525 3.961535
KIDS_232p6_3p5 232.144846796 233.147632312 2.972525 3.961535
KIDS_233p6_3p5 233.147632312 234.150417828 2.972525 3.961535
KIDS_234p7_3p5 234.150417828 235.153203343 2.972525 3.961535
KIDS_235p7_3p5 235.153203343 236.155988858 2.972525 3.961535
KIDS_236p7_3p5 236.155988858 237.158774373 2.972525 3.961535
KIDS_237p7_3p5 237.158774373 238.171102264 2.972525 3.961535
